0 49.4064773081425 27.8567765543682 29.1547594742265 29.6141857899217 18.3847763108502 14.560219778561 42.6380112106557 36.2353418639869 38.2099463490856 51.478150704935 42.0475920832573 40.3608721412211 68.1542368455549 24.738633753706 27.459060435492 23.5372045918796 11.1803398874989 8.60232526704263 23.0217288664427 28.4604989415154 15.2970585407784 32.0156211871642 13.0384048104053 26.0768096208106 34.828149534536 24.8394846967484 57.2188780036799 14.3178210632764 10 58.0086200490927 26.0192236625154 45.6070170039655 26.4007575648882 26.6833281282527 57.9827560572969 29.9666481275434 26.2488094968134 31.3209195267317 36.0693775937429 51.2445119012758 35.8468966578698 25.4950975679639 40.1123422402632 16.5529453572468 15.2315462117278 30.2324329156619 39.9624824053762 21.1896201004171 24.1867732448956 7.81024967590665 18.0277563773199 12.1655250605964 46.5295604965274 23.0867927612304 5.8309518948453 50 17.8885438199983 47.0425339453563 49.0917508345343 33.9705755029261 47.0106370941726 39.1152144312159 33.8378486313773 4.24264068711928 22.0227155455452 2.23606797749979 12.0830459735946 20.1246117974981 56.4623768539724 35.0570962859162 32.5576411921994 58.6941223633168 32.8024389337135 33.2415402771893 28.6530975637888 50.3587132480567 48.0520551069359 36.7695526217005 25.9422435421457 33.9411254969543 23.1948270094864 17.2626765016321 15.6204993518133 14.8660687473185 44.407206622349 13.0384048104053 47.4341649025257 18.8679622641132 25.3179778023443 62.9364759102383 20.2484567313166 47.0106370941726 19.1049731745428 36.0138862107382 57.6888204074238 30.4138126514911 19.313207915828 29.2745623366089 52.6307894677631
49.4064773081425 0 41.4366987102013 28.2311884269862 74.027022093287 56.6127194188726 39 13.6014705087354 83.4865258589672 12.369316876853 6.40312423743285 27.0739727413618 13.0384048104053 23.1948270094864 34.3656805548792 57.6974869470066 29.4108823397055 45.6946386351835 50.0899191454728 72.4223722339996 40.1621712560464 61.5223536610881 17.4928556845359 37.589892258425 23.43074902772 52.6307894677631 49.6588360717405 29.4108823397055 41.2310562561766 59.4053869611166 8.60232526704263 33.1058907144937 13.8924439894498 73.5527021937332 71.7007670809734 9.21954445729289 77.1038261048049 25.8069758011279 66.6483308118065 15.2970585407784 26.4007575648882 43.5660418215839 72.8354309385206 32 64.3816744112795 54.817880294663 58.6941223633168 19.6468827043885 59.0762219509677 45.18849411078 51.8844870842914 33.1058907144937 58.6941223633168 93.5093578204877 69.3541635375988 43.6004587131833 17 65.7951365983839 27.8926513619627 2.23606797749979 16.1554944214035 94.175368329516 32.0156211871642 60.7453701939498 53.6003731330296 34.9857113690718 49.8196748283246 39.3573373083089 43.9089968002003 13.8924439894498 27.459060435492 53.4509120595711 15.2315462117278 20.2237484161567 21.540659228538 59.9332962550868 25.0798724079689 20.2484567313166 43.4165866921848 59.0592922409336 16.7630546142402 36.2353418639869 34.7131099154196 65 55.4436651025164 15.6524758424985 50.3289181286465 14.8660687473185 54.0832691319598 64.8999229583518 22.3606797749979 54.3783044972901 3 39.293765408777 76.8505042273634 8.54400374531753 54.4242592967511 42.190046219458 34.7850542618522 4.12310562561766
27.8567765543682 41.4366987102013 0 13.3416640641263 37.2155881318568 20.2484567313166 32.5576411921994 43.0116263352131 48.3011387029333 36.0555127546399 39.8246155034798 20 40.0124980474851 51.6236379965612 39.446165846632 17.0293863659264 15.2970585407784 35 35.3553390593274 45.0998891351187 1.4142135623731 29.4278779391243 30.0166620396073 28.3196045170126 24.3310501211929 12.0415945787923 9.21954445729289 34.4383507154451 13.8924439894498 34.2344855372474 48.7544869729956 9 46.0434577328854 39.560080889705 35.7770876399966 47.0106370941726 42.5440947723653 18.0277563773199 26.2488094968134 36.0138862107382 29.1547594742265 8.06225774829855 39.2173431022552 15.6524758424985 33.3766385365573 20.3960780543711 17.4928556845359 44.2831796509691 21.4709105535839 5.3851648071345 35.3411940941446 29.6816441593117 28.0713376952364 57.1401785086466 35.1140997321589 24.6981780704569 32.5576411921994 34.5253530032641 24.1867732448956 39.9249295553543 33.0151480384384 57.9827560572969 14.7648230602334 19.313207915828 29.8328677803526 9.8488578017961 26.2488094968134 29.698484809835 8.06225774829855 41.2310562561766 15 12.1655250605964 43.2781700167648 36.4965751817893 19.9248588451713 19.2093727122985 28.8444102037119 29 8.94427190999916 19.1049731745428 34.0587727318528 7.61577310586391 15.8113883008419 38 21.3775583264319 46 39.1152144312159 31.4006369362152 17.0880074906351 26.6270539113887 44.6878059430087 16.5529453572468 40.5215991787096 37.6430604494374 37.4833296279826 47.4130783645188 13 8.54400374531753 6.70820393249937 45.5411901469428
29.1547594742265 28.2311884269862 13.3416640641263 0 47.4236228055175 29.732137494637 27.3130005674953 30.0665927567458 57.8013840664737 23.0217288664427 27.2029410174709 13.0384048104053 27.0739727413618 41.0487515035476 31.1448230047949 29.5296461204668 6.32455532033676 32.0156211871642 34.2344855372474 50.5964425626941 12.1655250605964 36.7151195013716 17.464249196573 23.4093998214393 13.0384048104053 25.0798724079689 21.4709105535839 28.0713376952364 16.1554944214035 38.0788655293195 35.8468966578698 5 33.0151480384384 48.2597140480546 45.453272709454 34.4093010681705 51.6139516022558 6.40312423743285 38.5875627631495 23.3452350598575 22.0907220343745 17.464249196573 47.7074417675063 12.5299640861417 40.2492235949962 28.6006992921502 30.4630924234556 32.0156211871642 31.8276609256791 17 35.0570962859162 22.4722050542442 34.4383507154451 67.3572564761956 43.8292140016223 24 21.9544984001001 41.5932686861708 18.0277563773199 26.8328157299975 20.3960780543711 68.1175454637056 11.6619037896906 32.5729949498047 32.5576411921994 8.06225774829855 28.4429253066558 25.298221281347 16.2788205960997 29.8328677803526 6.08276253029822 25.4950975679639 32.0156211871642 24.6981780704569 6.70820393249937 31.7647603485372 21.2132034355964 19.313207915828 17.7200451466693 31.0644491340181 21.5870331449229 8.48528137423857 12 43.0116263352131 29.4108823397055 33.1360830515618 36.8781778291715 20 26.8700576850888 37.5366487582469 34.8855270850248 26.9072480941474 27.2029410174709 31.3847096529504 49.2036584005702 34.6698716467194 26.2488094968134 14.8660687473185 7 32.310988842807
29.6141857899217 74.027022093287 37.2155881318568 47.4236228055175 0 17.6918060129541 44.1474801092882 70.2353187506115 11.4017542509914 64.6606526413088 74.2765104188397 57.1401785086466 67.6017751246223 88.2383136738231 54.3415126767741 21.8403296678416 44.6878059430087 40.1995024844836 36.0138862107382 20.6155281280883 38.5875627631495 14.3178210632764 57.9827560572969 42.0594816896262 51.31276644267 33.734255586866 28.1780056072107 71.5891053163818 32.8024389337135 23.0867927612304 82.3286098510111 42.5205832509386 73.3552997403732 7.07106781186548 3 81.3941029804985 7.28010988928052 48.2700735445887 15.0332963783729 63.1347764706584 66.3701740241805 41.7851648315524 7.81024967590665 52.8393792544916 14.0356688476182 19.2093727122985 23.3452350598575 68.5419579527752 15.8113883008419 31.9061122670876 34 46.8187996428785 17.464249196573 20 7.07106781186548 33.8378486313773 69.0289794216893 13.1529464379659 61.400325732035 73.109506905737 60.5392434706612 20.8086520466848 51.9711458407451 25.0199920063936 26.1725046566048 39.5979797464467 27.8926513619627 41.4849370253831 31.2409987036266 77.2334124585985 51.4003891035856 30.8058436014987 79.3977329651168 60.8358446970205 53.7401153701776 20.3960780543711 66.0378679243962 65.8027355054484 42.7200187265877 18.9736659610103 60.9015599143405 38.9486841883009 39.4081209904761 19.9248588451713 18.6010752377383 72.4499827467198 40.0124980474851 67.3572564761956 20.6155281280883 10.770329614269 81.6088230524127 20.8086520466848 72.2011080247388 48.6621002423858 8.60232526704263 81.467785044151 27.8926513619627 32.5576411921994 43.0116263352131 77.8010282708397
18.3847763108502 56.6127194188726 20.2484567313166 29.732137494637 17.6918060129541 0 31.1448230047949 53.851648071345 28.3019433961698 47.8539444560216 56.6392090340252 39.8246155034798 51.0783711564885 70.6045324324154 41.0121933088198 10 27.2029410174709 29.4108823397055 26.8328157299975 26.3058928759318 21.540659228538 10.1980390271856 41.146081222882 28 34.4383507154451 20.6155281280883 12.0415945787923 54.6260011349907 15.6524758424985 18.6010752377383 64.8151216923952 24.8394846967484 57.0087712549569 19.313207915828 15.8113883008419 63.7808748764079 22.3606797749979 30.8058436014987 13.1529464379659 46.6154480832267 49.1934955049954 26.1725046566048 18.9736659610103 35.8468966578698 14.142135623731 3.16227766016838 12.8062484748657 52.8866712887094 3 14.8660687473185 25.5538646783613 32.1403173599764 10.295630140987 37.6430604494374 14.8660687473185 20.0997512422418 51.4003891035856 15.0332963783729 44.2831796509691 55.6057550978314 43.8634243989226 38.4187454245971 34.928498393146 16.2788205960997 17.2046505340853 21.9317121994613 16.1554944214035 28.0713376952364 13.6014705087354 59.5482997238376 33.8378486313773 17.7200451466693 61.7170964968379 44.9221548904324 36.0693775937429 10.6301458127346 48.7647413609464 48.2597140480546 27.1661554144122 7.81024967590665 44.3846820423443 21.2602916254693 22.3606797749979 20.2484567313166 3.60555127546399 56.302753041037 31.3049516849971 49.6789693934969 3.16227766016838 8.54400374531753 64.0702739185654 4 54.9181208709839 36.3455636907725 20.6155281280883 63.8905313798532 14.8660687473185 14.8660687473185 25.5538646783613 60.4648658313239
14.560219778561 39 32.5576411921994 27.3130005674953 44.1474801092882 31.1448230047949 0 29.8328677803526 50.5667875190821 26.8328157299975 42.4499705535822 39.8497176903426 28.0178514522438 60.2079728939615 10.1980390271856 38.6005181312376 21.0237960416286 6.70820393249937 11.4017542509914 35.4682957019364 32.5269119345812 29.8328677803526 21.8403296678416 4.24264068711928 18 42.7200187265877 33.5410196624968 53.7587202228625 19.723082923316 23.3238075793812 47.4236228055175 26.6270539113887 32.5576411921994 40.853396431631 41.2310562561766 48.1040538832228 44.3846820423443 21.8403296678416 44.2831796509691 24.1867732448956 47.8539444560216 40.3112887414927 39.9249295553543 39.8120584747888 31.0161248385416 28.0713376952364 41.1096095821889 26.2488094968134 34.132096331752 31.0644491340181 13.4536240470737 6.08276253029822 26.6833281282527 60.8358446970205 37.6430604494374 11.0453610171873 44 32.310988842807 44.6430285710994 39.2173431022552 22.8473193175917 61.2698947281616 38.9101529166874 44.5982062419555 18.3847763108502 23.43074902772 16.2788205960997 3.16227766016838 26.9258240356725 48.6621002423858 33.2415402771893 41.182520563948 50.8035431835222 20 28.4429253066558 40.2616442783948 46.690470119715 43.1856457633784 41.0365690573664 37.8549864614954 22.3606797749979 25.4950975679639 17.0293863659264 28.8444102037119 28.0178514522438 31.1126983722081 11.4017542509914 41.0121933088198 30.5941170815567 39 56.2227711874824 31.7804971641414 36.2491379207837 5.3851648071345 50.2493781056044 47.5394572960189 39.8120584747888 25.2388589282479 30.8058436014987 41.5932686861708
42.6380112106557 13.6014705087354 43.0116263352131 30.0665927567458 70.2353187506115 53.851648071345 29.8328677803526 0 78.4920378127616 7.07106781186548 19.6977156035922 34.4383507154451 3 36.6742416417845 22.8473193175917 57.2712842531054 28.2842712474619 36.4005494464026 41.2310562561766 65.0538238691624 42 56.6038867923396 13.1529464379659 29.732137494637 19.6468827043885 55 49.6487663492256 41.0365690573664 38.2753184180093 52.4022900262956 20.0249843945008 34.0147027033899 3.16227766016838 68.5054742338158 67.6017751246223 22.0907220343745 72.1110255092798 25.0798724079689 65.5209890035247 7.28010988928052 36.8781778291715 47.3814309619285 67.6756972627545 38.2753184180093 58.821764679411 51.478150704935 58.8557558782486 6.08276253029822 56.6480361530742 45.3982378512647 43.2781700167648 24.7588368062799 53.5350352572967 88.752464754507 64.6606526413088 37.2021504754766 28.3196045170126 60.2162768692984 36.8917334913934 15.2315462117278 10.1980390271856 89.3084542470644 37.9473319220206 61.5223536610881 46.8614980554399 34.3656805548792 43.6004587131833 31.1126983722081 42.9534631898291 27.3130005674953 32.0156211871642 55.0817574156816 28.7923600977759 9.89949493661167 24.5153013442625 59.4390444068543 35.4682957019364 30.4795013082563 47.5184174820669 57.974132162543 9.48683298050514 36.2215405525497 31.6227766016838 58.0517010948 51.8941229813165 3.16227766016838 40.4969134626332 25.4558441227157 51.8652099195598 62.393909959226 35.8468966578698 52.4976189936268 10.770329614269 28.6530975637888 74.4647567645259 21.0237960416286 55.3263047744922 41 37.0540146272978 14
36.2353418639869 83.4865258589672 48.3011387029333 57.8013840664737 11.4017542509914 28.3019433961698 50.5667875190821 78.4920378127616 0 73.4098086089318 84.2199501305955 68.0955211449329 76.0263112349928 98.812954616285 60.5392434706612 33.2415402771893 54.4885309033011 45.5411901469428 40.8044115262063 19.1049731745428 49.6487663492256 22.0227155455452 66.8430998682736 49.2442890089805 60.3075451332584 45.1220566907139 39.3954312071844 82.7345151674922 42.4499705535822 27.5136329843952 91.9347594764896 53.0094331227943 81.5414005275848 10 12.5299640861417 91.2414379544733 6.40312423743285 58 26.0768096208106 71.6100551598726 77.4144689318476 53.1413210223457 10.816653826392 63.9531078212779 19.723082923316 29.2061637330205 34.7131099154196 76.1577310586391 26.8328157299975 42.9418211071678 38.6005181312376 54.2033209314706 25 10.295630140987 14.142135623731 41.3400532171888 79.6303962064738 18.3575597506858 72.4706837279737 82.7345151674922 69.2026011071838 10.816653826392 63.0634601017102 36.2215405525497 32.2024843762092 49.8196748283246 34.9857113690718 48.3011387029333 41.8807831827438 87.6184911990614 62.1288982680363 42.2018956920184 89.8109124772708 68.7968022512675 63.8905313798532 31.7804971641414 77.0259696466069 76.5506368360186 54.0832691319598 30.364452901378 69.4046107978425 49.4064773081425 48.7954915950234 22.561028345357 28.4253408071038 80.4549563420427 44.1474801092882 77.8010282708397 31.3847096529504 22.1359436211787 92.3579991121505 31.7647603485372 81.467785044151 54.4242592967511 16.4924225024706 91.2195154558497 39.293765408777 43.0116263352131 53.851648071345 87.1148666990887
38.2099463490856 12.369316876853 36.0555127546399 23.0217288664427 64.6606526413088 47.8539444560216 26.8328157299975 7.07106781186548 73.4098086089318 0 17.0293863659264 27.7848879788996 4.12310562561766 35 22.0907220343745 50.6951674225463 21.5870331449229 33.5410196624968 38.0788655293195 61.0737259384099 35.0142828000232 51.4003891035856 6.70820393249937 25.8069758011279 13.4164078649987 48.0104155366312 42.9534631898291 35.8050275799363 32.2024843762092 48.1663783151692 20.6155281280883 27.0739727413618 10 63.4113554499508 62.1288982680363 21.5870331449229 67.0074622710038 18.2482875908947 59.1354377678901 3 31.1448230047949 40.3112887414927 62.6258732474047 31.3847096529504 53.9073278877742 45.6508488420533 52.1727898429823 10.6301458127346 50.5667875190821 38.6393581727233 39.9624824053762 21.095023109729 48.4148737476408 83.6002392341075 59.4053869611166 32.5269119345812 23.3238075793812 55.3172667437573 30.6104557300279 13.0384048104053 4.24264068711928 84.2021377400835 31.0161248385416 54.744862772684 42.4499705535822 27.6586333718787 38.8973006775534 27.459060435492 36.4005494464026 24.3310501211929 25 48.1663783151692 26.1725046566048 8 17.464249196573 52.8866712887094 29.732137494637 24.8394846967484 40.4474968323134 51.5460958754395 4.47213595499958 29.4278779391243 25.4950975679639 53.8144961882948 46.1410879802373 10.1980390271856 38.0788655293195 20.2484567313166 45.6946386351835 56.3648826841678 32.7566787083184 46.2385120867876 9.48683298050514 26.9258240356725 68.4470598345904 20.8806130178211 48.5077313425396 34.4818792991333 30.0166620396073 14.7648230602334
51.478150704935 6.40312423743285 39.8246155034798 27.2029410174709 74.2765104188397 56.6392090340252 42.4499705535822 19.6977156035922 84.2199501305955 17.0293863659264 0 23.1948270094864 18.6815416922694 18.0277563773199 39.0128184062623 56.6038867923396 29.732137494637 49.0407993409569 53.1413210223457 74.4311762637136 38.4707681233427 62.4819974072532 20.6155281280883 40.4969134626332 25.4950975679639 50.3289181286465 48.5489443757534 23.3238075793812 41.7731971484108 61.400325732035 9.21954445729289 32.2024843762092 20.2484567313166 74.4110206891425 72.1248916810278 7.21110255092798 77.8973683766018 26.2488094968134 65.7343137181792 20.0249843945008 20.8806130178211 40.8044115262063 73.7563556583431 28.4429253066558 65.6048778674269 55.1543289325507 57.3061951275776 25.6320112359526 58.8982172905089 44.1021541423999 54.7813836992093 36.4005494464026 59.8163857149527 94.0478601564119 70.0927956355002 45.6508488420533 11.4017542509914 67.0074622710038 23.0867927612304 4.47213595499958 20.0997512422418 94.7628619238571 28.6356421265527 59.0338885725818 55.5697759577992 34.7131099154196 51.6236379965612 42.3792402008342 43.4165866921848 7.61577310586391 25.0798724079689 51.478150704935 9.21954445729289 25.0199920063936 20.6155281280883 58.8302643203309 19.6468827043885 15.1327459504216 40.5215991787096 58.2494635168428 21.0237960416286 35.6089876295297 35.6089876295297 66.8879660327626 55.8659108938537 21.9544984001001 53.851648071345 10 53.9073278877742 64.6606526413088 16.1554944214035 54.0370243444252 8.94427190999916 43.4165866921848 76.4002617796562 7.61577310586391 52.773099207835 41.8688428309166 33.1209903233584 8.94427190999916
42.0475920832573 27.0739727413618 20 13.0384048104053 57.1401785086466 39.8246155034798 39.8497176903426 34.4383507154451 68.0955211449329 27.7848879788996 23.1948270094864 0 31.7647603485372 31.8904374382039 42.190046219458 36.7967389859482 19.2353840616713 44.9110231457712 47.2652091923859 62.8171950981576 18.6010752377383 48.1040538832228 24.7588368062799 36.1386219991853 23.3238075793812 28.3019433961698 29.2061637330205 15.2970585407784 28.4429253066558 50.6359556046887 32.3882694814033 16.2788205960997 36.7695526217005 59.0338885725818 55.5697759577992 29.8328677803526 62.1771662268393 18.0277563773199 45.9673797382448 29.4108823397055 9.48683298050514 18.3575597506858 58.6003412959344 5.3851648071345 51.8652099195598 39.3954312071844 36.7967389859482 38.2753184180093 41.3400532171888 25.2388589282479 48.0936586256442 34.5398320783411 46.1735855224608 77.1038261048049 54.561891462815 37.0135110466435 13.4164078649987 53.1413210223457 5 25.0199920063936 27.0185121722126 77.9358710735949 5.8309518948453 37.8021163428716 45.2769256906871 20.2237484161567 41.194659848092 38.0788655293195 26.4007575648882 22.3606797749979 7 30 24.1867732448956 32.5576411921994 12.2065556157337 38.8973006775534 8.94427190999916 9.4339811320566 17.8885438199983 39.0512483795333 28.4253408071038 19.6468827043885 25.0199920063936 55.3172667437573 40.3112887414927 37.5765884561119 49.8196748283246 13.3416640641263 36.7151195013716 46.6154480832267 24.7588368062799 36.3593179253957 27.459060435492 43.4626276242015 57.3846669416143 30.5941170815567 31.8904374382039 25.6320112359526 14.3178210632764 31.0161248385416
40.3608721412211 13.0384048104053 40.0124980474851 27.0739727413618 67.6017751246223 51.0783711564885 28.0178514522438 3 76.0263112349928 4.12310562561766 18.6815416922694 31.7647603485372 0 36.2215405525497 21.8403296678416 54.3415126767741 25.3179778023443 34.6698716467194 39.4081209904761 62.9682459657247 39 54.0832691319598 10.1980390271856 27.5862284482674 16.7630546142402 52 46.690470119715 39.0512483795333 35.4682957019364 50.2095608425328 20.3960780543711 31.0161248385416 6.08276253029822 66.0302960768767 65 22.0227155455452 69.6347614342147 22.0907220343745 62.6418390534633 4.47213595499958 34.6554469023269 44.407206622349 65.2150289427215 35.4682957019364 56.4003546088143 48.7544869729956 55.9016994374947 7.21110255092798 53.851648071345 42.4264068711929 41.4004830889689 22.6715680975093 51.0392006206994 86.2670273047588 62.1288982680363 34.828149534536 26.4007575648882 57.8013840664737 34.4093010681705 14.3178210632764 7.28010988928052 86.8389313614579 35.1140997321589 58.5491246732178 44.5982062419555 31.4006369362152 41.2310562561766 29.0688837074973 40.024992192379 26.2488094968134 29.1204395571221 52.0864665724217 27.8926513619627 8.06225774829855 21.5870331449229 56.5154846037792 33.2415402771893 28.2842712474619 44.5533388198909 55.0817574156816 6.70820393249937 33.2415402771893 28.7923600977759 55.8659108938537 49.1934955049954 6.08276253029822 38.9486841883009 23.43074902772 49.0407993409569 59.6154342431555 34.7850542618522 49.6487663492256 10.0498756211209 27.3130005674953 71.6937933157397 21.095023109729 52.3450093132096 38.0788655293195 34.0587727318528 14.3178210632764
68.1542368455549 23.1948270094864 51.6236379965612 41.0487515035476 88.2383136738231 70.6045324324154 60.2079728939615 36.6742416417845 98.812954616285 35 18.0277563773199 31.8904374382039 36.2215405525497 0 57.0350769263968 68.5930025585701 45.1774279923061 66.7083203206317 70.6045324324154 90.8019823572151 50.2095608425328 77.6981338257232 38.4707681233427 57.974132162543 42.7200187265877 60 60.8276253029822 21.8403296678416 56.938563381947 77.8781098897501 17.8885438199983 45.8039299623951 36.4005494464026 89.3084542470644 86.4002314811714 14.8660687473185 92.655275079188 42.0475920832573 77.7946013551069 38 24.1867732448956 50 88.752464754507 37.0135110466435 81.1233628494283 69.6347614342147 68.6804193347711 42.7551166528639 72.4706837279737 56.6392090340252 72.1248916810278 54.1294744108974 75.2927619363243 108.231233939192 84.8763806956918 62.393909959226 19.2093727122985 82.4924238945614 28.8444102037119 22.0227155455452 38.1182371050918 109.018347079746 37.6430604494374 69.656299069072 72.0902212508742 49.0917508345343 68.0294054067798 59.9082632030006 57.0087712549569 11.7046999107196 36.8781778291715 61.8465843842649 9.48683298050514 43 35.3553390593274 70.7248188403477 23.8537208837531 22.6274169979695 49.4064773081425 70.7248188403477 39.0512483795333 49.4064773081425 51.4295634824952 83.1925477431723 70.4556598152341 38.3275357934736 71.5891053163818 21.095023109729 67.6239602507869 77.987178433381 7.61577310586391 67.4759216313494 26.1725046566048 61.400325732035 89.1066776397819 16.1554944214035 63.7808748764079 55.8032257132148 45.3431361950185 23.0867927612304
24.738633753706 34.3656805548792 39.446165846632 31.1448230047949 54.3415126767741 41.0121933088198 10.1980390271856 22.8473193175917 60.5392434706612 22.0907220343745 39.0128184062623 42.190046219458 21.8403296678416 57.0350769263968 0 47.8539444560216 25.4950975679639 15.2643375224737 20.2484567313166 44.6542271235322 39.1152144312159 40.024992192379 19.4164878389476 13.0384048104053 18.8679622641132 50.5667875190821 42.0594816896262 54.4242592967511 28.1602556806574 33.1058907144937 42.2018956920184 32.0156211871642 25.0599281722833 50.9215082258961 51.4198405287298 43.5660418215839 54.4242592967511 24.8394846967484 54.0832691319598 19.1049731745428 48.8466989672793 46.6154480832267 49.9799959983992 43.4165866921848 41.1096095821889 38 50.2195181179589 18.0277563773199 44.0113621693308 39 22.4722050542442 9.8488578017961 36.8781778291715 70.774289116882 47.8016736108685 21.0237960416286 43.1740662898458 42.3792402008342 46.5295604965274 35.1283361405006 19.0262975904404 71.175838597097 42.6380112106557 53.6003731330296 28.4604989415154 29.6816441593117 26.4764045897475 13.0384048104053 35.1140997321589 46.0434577328854 36.4005494464026 49.3963561409139 48.0104155366312 14.142135623731 30.0166620396073 49.6487663492256 47.5394572960189 43.3243580448689 47.2016948848238 47.3814309619285 18 31.9061122670876 23.7065391822594 38.4707681233427 38.0131556174964 23.3238075793812 18.3847763108502 40.024992192379 40.1995024844836 49.0407993409569 54.230987451825 41.3037528561268 31.4006369362152 6.40312423743285 60.4069532421558 42.7551166528639 48.3838816136118 33.2415402771893 36.2353418639869 36.1386219991853
27.459060435492 57.6974869470066 17.0293863659264 29.5296461204668 21.8403296678416 10 38.6005181312376 57.2712842531054 33.2415402771893 50.6951674225463 56.6038867923396 36.7967389859482 54.3415126767741 68.5930025585701 47.8539444560216 0 29.1204395571221 38.0131556174964 36.0555127546399 35.4400902933387 18.4390889145858 19.6977156035922 44.1474801092882 34.928498393146 37.6563407675255 12.0415945787923 8.06225774829855 50.4777178564959 20.0249843945008 28.6006992921502 65.3681879816169 24.5967477524977 60.4152298679729 26.0192236625154 21.2132034355964 63.8122245341753 28.2842712474619 32.5729949498047 9.21954445729289 50.0099990001999 45.6070170039655 20.1246117974981 26 32.0156211871642 23.4093998214393 12.7279220613579 2.82842712474619 57.3149195236284 8.54400374531753 12.5299640861417 35 38.3275357934736 20.2484567313166 41.146081222882 22.0227155455452 27.8567765543682 49.5782210249622 24.0416305603426 40.6078810084939 56.3560112144215 47.0744091837593 42.0475920832573 31.2409987036266 6.40312423743285 26.9072480941474 23.0867927612304 25.2388589282479 35.4400902933387 14.3178210632764 58.258046654518 32.0156211871642 9.05538513813742 60.3075451332584 49.254441424099 36.2353418639869 2.23606797749979 45.453272709454 45.9673797382448 21.0237960416286 3 47.8539444560216 21.540659228538 26.0768096208106 29.9666481275434 13.4536240470737 60.0166643524946 40.4969134626332 48.4148737476408 8.60232526704263 11.1803398874989 61.5548535860496 7.21110255092798 56.4623768539724 43.9658958739612 20.6155281280883 64.1404708432983 6.08276253029822 16.2788205960997 23.6008474424119 61.7413961617325
23.5372045918796 29.4108823397055 15.2970585407784 6.32455532033676 44.6878059430087 27.2029410174709 21.0237960416286 28.2842712474619 54.4885309033011 21.5870331449229 29.732137494637 19.2353840616713 25.3179778023443 45.1774279923061 25.4950975679639 29.1204395571221 0 25.7099202643649 28.0713376952364 45.6946386351835 14.560219778561 32.8024389337135 15.1327459504216 17.0880074906351 9.05538513813742 27.2946881279124 21.3775583264319 34 12.0415945787923 32.8937684067971 37.6430604494374 6.70820393249937 31.4006369362152 44.6878059430087 42.4499705535822 36.7695526217005 48.1663783151692 3.60555127546399 37.6961536499415 21.095023109729 28 21.4709105535839 44.0454310910905 18.7882942280559 36.0555127546399 25.4950975679639 30.5941170815567 29.0688837074973 29.6816441593117 17.1172427686237 29 16.4012194668567 30.2324329156619 64.3506021727847 40.3608721412211 18.1107702762748 26.5706605111728 37.4432904536981 24.1867732448956 28.4253408071038 18.1107702762748 65.0538238691624 17.8885438199983 33.2415402771893 27.2029410174709 6.08276253029822 23.0867927612304 18.9736659610103 14.8660687473185 33.6154726279432 12.369316876853 27.0185121722126 35.8468966578698 21.2132034355964 9.8488578017961 31.3209195267317 27.0185121722126 24.5153013442625 21.9544984001001 30.0832179129826 19.0262975904404 8 6.32455532033676 38.0788655293195 26.1725046566048 31.1448230047949 30.5941170815567 24.1660919471891 24.6981780704569 35.5105618091294 39.560080889705 25.0599281722833 27.7848879788996 25.2388589282479 47.5078940808788 36.7967389859482 27.0739727413618 13 10.816653826392 33.2866339541865
11.1803398874989 45.6946386351835 35 32.0156211871642 40.1995024844836 29.4108823397055 6.70820393249937 36.4005494464026 45.5411901469428 33.5410196624968 49.0407993409569 44.9110231457712 34.6698716467194 66.7083203206317 15.2643375224737 38.0131556174964 25.7099202643649 0 5 29.4108823397055 35.2278299076171 26.0192236625154 28.4604989415154 9 24.1867732448956 43.9317652729776 34.2052627529741 59.3043000127309 21.2602916254693 18.0277563773199 54.1294744108974 30.4630924234556 39.0512483795333 36.1386219991853 37.2155881318568 54.7813836992093 39.560080889705 27.1661554144122 42.4499705535822 30.886890422961 53.3385414123783 43.0116263352131 35.1710107901379 44.2718872423573 26.4764045897475 26.2488094968134 40.7062648740952 32.5269119345812 32.2800247831379 32.5269119345812 7.21110255092798 12.6491106406735 23 55.7135531087365 33.3766385365573 10.6301458127346 50.0899191454728 27.6586333718787 49.8196748283246 45.8802789878178 29.5465734053883 56.0802995712398 43.3243580448689 44.2944691807002 14.0356688476182 26.8328157299975 13.3416640641263 7 28.2842712474619 55.1089829338194 38.0788655293195 42.0119030752 57.2712842531054 26.6270539113887 34.0587727318528 39.3954312071844 52.2398315464359 49.0102030193714 43.8292140016223 36.7695526217005 29.0688837074973 28.6530975637888 20.6155281280883 23.259406699226 25.9615099714943 37.5366487582469 5 47.169905660283 29.5465734053883 36.4965751817893 62.5139984323511 30.8706980808663 42.9534631898291 8.94427190999916 47.0106370941726 54.230987451825 40.2243707222375 26.9072480941474 34.4383507154451 48.3011387029333
8.60232526704263 50.0899191454728 35.3553390593274 34.2344855372474 36.0138862107382 26.8328157299975 11.4017542509914 41.2310562561766 40.8044115262063 38.0788655293195 53.1413210223457 47.2652091923859 39.4081209904761 70.6045324324154 20.2484567313166 36.0555127546399 28.0713376952364 5 0 24.4131112314674 35.7770876399966 22.0907220343745 32.6955654485436 12.6491106406735 27.8926513619627 43.1856457633784 33.2415402771893 62.0322496770833 21.4709105535839 13.3416640641263 58.591808301161 32.0156211871642 43.9317652729776 31.5753068076939 33.0151480384384 59.0931468107766 34.928498393146 30.0166620396073 39.560080889705 35.5105618091294 56.0357029044876 43.4165866921848 30.5941170815567 46.0977222864644 22.0907220343745 23.7065391822594 38.8329756778952 37.4833296279826 29.5465734053883 32.2024843762092 2.23606797749979 17 19.2353840616713 50.9215082258961 29.0688837074973 10.770329614269 53.4602656184946 23.1948270094864 52.2398315464359 50.1597448159378 34 51.2640224719052 45.1220566907139 42.4381903478459 10.1980390271856 28.1602556806574 10.816653826392 10.770329614269 28.0178514522438 58.9406481131655 40.3112887414927 41.0121933088198 61.1310068623117 31.4006369362152 37.0540146272978 37.2155881318568 55.0090901579003 52.0864665724217 44.2944691807002 34.4818792991333 33.6154726279432 29.732137494637 22.3606797749979 18.3847763108502 23.259406699226 42.4499705535822 4.47213595499958 50.6359556046887 27.459060435492 33.2415402771893 66.098411478643 28.8444102037119 47.4130783645188 13.8924439894498 43.1856457633784 58.6003412959344 38.9486841883009 26.9258240356725 35.7351367704113 52.8393792544916
23.0217288664427 72.4223722339996 45.0998891351187 50.5964425626941 20.6155281280883 26.3058928759318 35.4682957019364 65.0538238691624 19.1049731745428 61.0737259384099 74.4311762637136 62.8171950981576 62.9682459657247 90.8019823572151 44.6542271235322 35.4400902933387 45.6946386351835 29.4108823397055 24.4131112314674 0 46.1735855224608 16.1245154965971 55 35.3836120259083 49.0917508345343 46.8721665810319 38.1182371050918 78.1024967590665 34.4818792991333 13.0384048104053 81.0246875958186 46.5725240887801 67.8969807870718 13.6014705087354 18.3847763108502 80.9938269252663 15.2315462117278 48.7544869729956 32.7566787083184 58.7962583843564 72.2772439983706 52.0096144957834 12.8062484748657 59.8414572015087 12.1655250605964 25.0199920063936 37.9473319220206 61.7170964968379 26.9258240356725 40.0124980474851 22.2036033111745 40.3112887414927 17.0293863659264 28.1602556806574 15 28.8444102037119 72.2357252334328 11.4017542509914 67.6830850360709 72.1110255092798 56.8506816142076 28.2842712474619 58.8557558782486 40.853396431631 18.8679622641132 42.7200187265877 22.8254244210267 33.9411254969543 37.2155881318568 79.1580697086532 56.0446250768082 43.9317652729776 81.3941029804985 55.1543289325507 55.5427763079953 35.1140997321589 71.5681493403316 69.8927750200262 53.0094331227943 32.5729949498047 56.7274184147313 43.1740662898458 39.3954312071844 7.61577310586391 24.0208242989286 66.5281895139196 26.8328157299975 69.8569967862919 29.1547594742265 25.9422435421457 85.2349693494401 30.2654919008431 70 38.2753184180093 29.2061637330205 80.7093550959243 41 37.4833296279826 48.8364617882991 75.6042326857432
28.4604989415154 40.1621712560464 1.4142135623731 12.1655250605964 38.5875627631495 21.540659228538 32.5269119345812 42 49.6487663492256 35.0142828000232 38.4707681233427 18.6010752377383 39 50.2095608425328 39.1152144312159 18.4390889145858 14.560219778561 35.2278299076171 35.7770876399966 46.1735855224608 0 30.5941170815567 29.0688837074973 28.2842712474619 23.5372045918796 13 10.6301458127346 33.1058907144937 14.3178210632764 35.1283361405006 47.4236228055175 8.06225774829855 45.0111097397076 40.853396431631 37.1214223865412 45.6508488420533 43.8634243989226 17.1172427686237 27.6586333718787 35.0570962859162 27.7848879788996 7.81024967590665 40.4969134626332 14.3178210632764 34.5253530032641 21.5870331449229 18.8679622641132 43.4165866921848 22.8254244210267 6.70820393249937 35.8468966578698 29.4108823397055 29.1547594742265 58.5234995535981 36.4005494464026 25.0599281722833 31.1448230047949 35.6931365951495 22.8254244210267 38.6264158316559 32.0624390837628 59.3632883186233 13.4164078649987 20.6155281280883 30.5941170815567 9.4339811320566 26.9258240356725 29.732137494637 9 39.8246155034798 13.6014705087354 13.3416640641263 41.8688428309166 35.6931365951495 18.6815416922694 20.6155281280883 27.459060435492 27.5862284482674 8.60232526704263 20.5182845286832 33.1360830515618 7.21110255092798 15.6204993518133 39.0128184062623 22.561028345357 45.0111097397076 39.446165846632 30 18.3847763108502 28.0178514522438 43.2781700167648 17.8885438199983 39.293765408777 37.5366487582469 38.8973006775534 46.0651712251241 14.3178210632764 9.21954445729289 5.3851648071345 44.2718872423573
15.2970585407784 61.5223536610881 29.4278779391243 36.7151195013716 14.3178210632764 10.1980390271856 29.8328677803526 56.6038867923396 22.0227155455452 51.4003891035856 62.4819974072532 48.1040538832228 54.0832691319598 77.6981338257232 40.024992192379 19.6977156035922 32.8024389337135 26.0192236625154 22.0907220343745 16.1245154965971 30.5941170815567 0 44.8218696620299 27.8567765543682 38.2883794381533 30.8058436014987 22.0227155455452 63.2455532033676 20.8086520466848 10.295630140987 70.0071424927486 32.2024843762092 59.6824932455071 12.0415945787923 11.4017542509914 69.4262198308391 15.6204993518133 36.2353418639869 19.2093727122985 49.6487663492256 57.5847201955519 36.0138862107382 11.3137084989848 44.6430285710994 4 9.05538513813742 22.3606797749979 54.561891462815 11.1803398874989 24.1867732448956 20.2237484161567 32.6955654485436 3.16227766016838 32.2024843762092 8.06225774829855 19.6977156035922 58.6685605754905 5.09901951359278 52.8109837060436 60.8276253029822 47.2016948848238 32.8024389337135 43.6806593356831 25.5538646783613 12 28.6530975637888 13.6014705087354 27.2029410174709 21.8403296678416 66.2872536767062 41.6293165929973 27.8926513619627 68.5054742338158 47.0106370941726 42.4381903478459 19.723082923316 57.0087712549569 55.9016994374947 37.0135110466435 17 47.4341649025257 28.6356421265527 26.9072480941474 10.295630140987 8.06225774829855 58.6685605754905 26.3058928759318 56.6038867923396 13.0384048104053 12.2065556157337 71.5891053163818 14.142135623731 59.464274989274 34.3656805548792 21.095023109729 69.3541635375988 25 22.4722050542442 33.8378486313773 65.1152823843988
32.0156211871642 17.4928556845359 30.0166620396073 17.464249196573 57.9827560572969 41.146081222882 21.8403296678416 13.1529464379659 66.8430998682736 6.70820393249937 20.6155281280883 24.7588368062799 10.1980390271856 38.4707681233427 19.4164878389476 44.1474801092882 15.1327459504216 28.4604989415154 32.6955654485436 55 29.0688837074973 44.8218696620299 0 20.1246117974981 6.70820393249937 42.0475920832573 36.4965751817893 35.3411940941446 25.4950975679639 42.0119030752 26.0768096208106 21.0237960416286 16.2788205960997 56.8506816142076 55.4707129934347 26.4007575648882 60.4400529450463 12 52.4976189936268 6 30.0166620396073 34.928498393146 56.0802995712398 27.459060435492 47.4236228055175 38.9486841883009 45.7055795281058 14.560219778561 43.8634243989226 32.2490309931942 34.4383507154451 15.8113883008419 41.8688428309166 77.0064932327138 52.8015151297763 26.2488094968134 23.7697286480094 48.8364617882991 28.4253408071038 17.464249196573 3 77.6208734813001 26.9258240356725 48.3735464897913 36.2353418639869 21.2132034355964 32.5576411921994 21.9317121994613 29.8328677803526 27.0739727413618 20.591260281974 42.0119030752 29.1547594742265 7.81024967590665 13.0384048104053 46.3249392876019 28.6530975637888 24.1660919471891 35.1710107901379 44.9221548904324 4.12310562561766 23.0867927612304 18.7882942280559 47.6340214552582 39.446165846632 16.0312195418814 33.2415402771893 20.6155281280883 39 49.6588360717405 35.0142828000232 39.560080889705 15 23.0217288664427 61.7413961617325 25.9422435421457 42.190046219458 27.8926513619627 24.3310501211929 20.6155281280883
13.0384048104053 37.589892258425 28.3196045170126 23.4093998214393 42.0594816896262 28 4.24264068711928 29.732137494637 49.2442890089805 25.8069758011279 40.4969134626332 36.1386219991853 27.5862284482674 57.974132162543 13.0384048104053 34.928498393146 17.0880074906351 9 12.6491106406735 35.3836120259083 28.2842712474619 27.8567765543682 20.1246117974981 0 15.2970585407784 38.5875627631495 29.5465734053883 50.3587132480567 15.6524758424985 22.6715680975093 46.1410879802373 22.4722050542442 32.649655434629 39.3573373083089 39.2173431022552 46.518813398452 42.9418211071678 18.2482875908947 41.0487515035476 23.43074902772 44.407206622349 36.0693775937429 38.4707681233427 35.8468966578698 29.5296461204668 25.0199920063936 37.3630833845388 26.9258240356725 31 26.9258240356725 14.3178210632764 5 24.6981780704569 59.5399025864168 35.8468966578698 8.24621125123532 41.1096095821889 30.886890422961 41 37.5765884561119 21.6333076527839 60.0333240792145 34.928498393146 40.8044115262063 17.2046505340853 19.2093727122985 14.3178210632764 2 22.8254244210267 46.3249392876019 29.4108823397055 37.1214223865412 48.5077313425396 19.8494332412792 25.0798724079689 36.6742416417845 43.2897216438267 40.0124980474851 36.7967389859482 34.3656805548792 21.4009345590327 21.2602916254693 12.8062484748657 28.3196045170126 25.0798724079689 31.4006369362152 14 38.2099463490856 27.1661554144122 36.1247837363769 53.6003731330296 28.2842712474619 34.9857113690718 9.4339811320566 47.6759897642409 46.0651712251241 35.8468966578698 21.095023109729 26.6270539113887 40.4969134626332
